Line 0 1 0 1 4 null 1 
1 1 0 0 1 1 Line 2 
2 1 0 1 1 1 1 3 
3 1 0 1 1 1 2 4 
4 1 0 1 1 1 3 5 
5 1 0 1 1 1 4 6 
6 1 0 1 1 1 5 7 
7 1 0 1 1 1 6 8 
8 1 0 1 1 1 7 9 
9 1 0 1 1 1 8 10 
10 1 0 1 1 2 9 11 
11 1 0 1 1 2 10 . 

2 1 0 1 0 1 . v 
v 0 1 1 0 1 2 U 
U 0 1 0 1 1 v 1 
1 1 0 0 1 1 U 4 
4 1 0 1 1 1 1 5 
5 1 0 1 1 1 4 5 
5 1 0 1 1 1 5 4 
4 1 0 1 1 1 5 5 
5 1 0 1 1 1 4 5 
5 1 0 1 1 1 5 4 
4 1 0 1 1 1 5 1 
1 1 0 1 1 1 4 1 
1 1 0 1 1 1 1 2 
2 1 0 1 1 1 1 . 

Quantity 0 1 1 0 8 . a 
a 0 1 0 0 1 Quantity <o 
<o 0 0 0 1 2 a 1 
1 1 0 0 1 1 <o 4 
4 1 0 1 1 1 1 5 
5 1 0 1 1 1 4 5 
5 1 0 1 1 1 5 4 
4 1 0 1 1 1 5 5 
5 1 0 1 1 1 4 5 
5 1 0 1 1 1 5 4 
4 1 0 1 1 1 5 1 
1 1 0 1 1 1 4 1 
1 1 0 1 1 1 1 0 
0 1 0 1 1 1 1 . 

(1) 0 0 1 0 3 . m 
m 0 1 0 1 1 (1) 0 
0 1 0 0 1 1 m 0 
0 1 0 1 1 1 0 0 
0 1 0 1 1 1 0 0 
0 1 0 1 1 1 0 0 
0 1 0 1 1 1 0 0 
0 1 0 1 1 1 0 0 
0 1 0 1 1 1 0 0 
0 1 0 1 1 1 0 0 
0 1 0 1 1 1 0 0 
0 1 0 1 1 1 0 0 
0 1 0 1 1 1 0 2 
2 1 0 1 1 1 0 . 

Item 0 1 1 0 4 . Number 
Number 0 1 0 0 6 Item Mfgr 
Mfgr 0 1 0 0 4 Number Code 
Code 0 1 0 0 4 Mfgr Customer 
Customer 0 1 0 0 8 Code Code 
Code 0 1 0 1 4 Customer 925310 
925310 1 0 0 0 6 Code 142490-1005 
142490-1005 0 0 1 0 11 925310 FSK142490100; 
FSK142490100; 0 0 0 1 13 142490-1005 916403 
916403 1 0 0 1 6 FSK142490100; 5960 
5960 1 0 1 0 4 916403 AVE5960 
AVE5960 0 0 1 1 7 5960 345652 
345652 1 0 0 0 6 AVE5960 3R05859 
3R05859 0 0 1 0 7 345652 XER3R 
XER3R 0 0 0 1 5 3R05859 11052 
11052 1 0 0 1 5 XER3R 478156 
478156 1 0 1 0 6 11052 3R11230 
3R11230 0 0 1 1 7 478156 345645 
345645 1 0 0 1 6 3R11230 3 
3 1 0 1 0 1 345645 R05857 
R05857 0 0 1 1 6 3 345637 
345637 1 0 0 0 6 R05857 3R05856 
3R05856 0 0 1 0 7 345637 XE 
XE 0 1 0 0 2 3R05856 R3R11050 
R3R11050 0 0 0 1 8 XE 345660 
345660 1 0 0 1 6 R3R11050 3 
3 1 0 1 1 1 345660 805858 
805858 1 0 1 0 6 3 XER3R11053 
XER3R11053 0 0 1 1 10 805858 345686 
345686 1 0 0 0 6 XER3R11053 3R05861 
3R05861 0 0 1 0 7 345686 XER3R11055 
XER3R11055 0 0 0 1 10 3R05861 708586 
708586 1 0 0 1 6 XER3R11055 25063 
25063 1 0 1 1 5 708586 287154 
287154 1 0 1 1 6 25063 0070317 
0070317 1 0 1 1 7 287154 198695 
198695 1 0 1 1 6 0070317 98854 
98854 1 0 1 1 5 198695 . 

Description 0 1 1 0 11 . SCISSQRS,STRAIGHT,B",BLUE 
SCISSQRS,STRAIGHT,B",BLUE 0 0 0 0 25 Description i 
i 0 1 0 0 1 SCISSQRS,STRAIGHT,B",BLUE LABEL, 
LABEL, 0 0 0 0 6 i LSR,ADDR,WHT,7500CT 
LSR,ADDR,WHT,7500CT 0 0 0 0 19 LABEL, PAPER,COPY,8.5X11,500SH,PINK 
PAPER,COPY,8.5X11,500SH,PINK 0 0 0 0 28 LSR,ADDR,WHT,7500CT PA 
PA 0 1 0 0 2 PAPER,COPY,8.5X11,500SH,PINK PER, 
PER, 0 0 0 0 4 PA COPY,8.5)(11,500SH,LILAC 
COPY,8.5)(11,500SH,LILAC 0 0 0 0 24 PER, PAPER,COPY,8.5X11,500SH,GRN 
PAPER,COPY,8.5X11,500SH,GRN 0 0 0 0 27 COPY,8.5)(11,500SH,LILAC PAPER, 
PAPER, 0 0 0 0 6 PAPER,COPY,8.5X11,500SH,GRN COPIER,20#,LTR,BLU,500SH 
COPIER,20#,LTR,BLU,500SH 0 0 0 0 24 PAPER, PAP 
PAP 0 1 0 0 3 COPIER,20#,LTR,BLU,500SH ER, 
ER, 0 0 0 0 3 PAP COPY,8.5X11,YEL,500SH 
COPY,8.5X11,YEL,500SH 0 0 0 0 21 ER, PAPER, 
PAPER, 0 0 0 0 6 COPY,8.5X11,YEL,500SH CPY,8.5X11,500SH, GOLD 
CPY,8.5X11,500SH, GOLD 0 0 0 0 22 PAPER, HIGHLIGHTER,MAJ 
HIGHLIGHTER,MAJ 0 0 0 0 15 CPY,8.5X11,500SH, GOLD ACCENT,ASTD,DZ 
ACCENT,ASTD,DZ 0 0 0 0 14 HIGHLIGHTER,MAJ BOX,STORIFI 
BOX,STORIFI 0 0 0 0 11 ACCENT,ASTD,DZ LE,LTR/LGL,BSC,14PK 
LE,LTR/LGL,BSC,14PK 0 0 0 0 19 BOX,STORIFI PAPER 
PAPER 0 1 0 0 5 LE,LTR/LGL,BSC,14PK ,LTR,ASTRO,65L13,250RM,PNK 
,LTR,ASTRO,65L13,250RM,PNK 0 0 0 1 26 PAPER . 

(1) 0 0 1 0 3 . EACH 
EACH 0 1 0 0 4 (1) BOX 
BOX 0 1 0 0 3 EACH REAM 
REAM 0 1 0 0 4 BOX REAM 
REAM 0 1 0 0 4 REAM REAM 
REAM 0 1 0 0 4 REAM REAM 
REAM 0 1 0 0 4 REAM REAM 
REAM 0 1 0 0 4 REAM REAM 
REAM 0 1 0 0 4 REAM DOZ 
DOZ 0 1 0 0 3 REAM PACK 
PACK 0 1 0 0 4 DOZ REAM 
REAM 0 1 0 1 4 PACK . 

Lint 0 1 1 1 4 . . 

Price 0 1 1 1 5 . 7.190 
7.190 1 0 0 1 5 Price 49.540 
49.540 1 0 1 1 6 7.190 4.800 
4.800 1 0 1 1 5 49.540 5.300 
5.300 1 0 1 1 5 4.800 4.840 
4.840 1 0 1 1 5 5.300 4.840 
4.840 1 0 1 1 5 4.840 4.800 
4.800 1 0 1 1 5 4.840 4.800 
4.800 1 0 1 0 5 4.800 5,630 
5,630 0 0 1 1 5 4.800 34.990 
34.990 1 0 0 1 6 5,630 17.890 
17.890 1 0 1 1 6 34.990 . 

198.16 1 0 1 1 6 . . 

Total 0 1 1 1 5 . 7.19 
7.19 1 0 0 1 4 Total 198.16 
198.16 1 0 1 1 6 7.19 24.00 
24.00 1 0 1 1 5 198.16 26.50 
26.50 1 0 1 1 5 24.00 19.36 
19.36 1 0 1 1 5 26.50 24.20 
24.20 1 0 1 1 5 19.36 24.00 
24.00 1 0 1 1 5 24.20 19.20 
19.20 1 0 1 1 5 24.00 5.63 
5.63 1 0 1 1 4 19.20 34.99 
34.99 1 0 1 1 5 5.63 . 

Carton 0 1 1 0 6 . ID 
ID 0 1 0 1 2 Carton 84247301 
84247301 1 0 0 1 8 ID 84267801 
84267801 1 0 1 1 8 84247301 84267901 
84267901 1 0 1 1 8 84267801 84251501 
84251501 1 0 1 1 8 84267901 84251401 
84251401 1 0 1 1 8 84251501 84251401 
84251401 1 0 1 1 8 84251401 84251201 
84251201 1 0 1 1 8 84251401 84251501 
84251501 1 0 1 1 8 84251201 84251501 
84251501 1 0 1 1 8 84251501 84247301 
84247301 1 0 1 1 8 84251501 84251201 
84251201 1 0 1 1 8 84247301 84247301 
84247301 1 0 1 1 8 84251201 84267701 
84267701 1 0 1 1 8 84247301 . 

